1169
1170
1174
1178
1179
1167
1168
945
1176
1171
1175
1184
1137
1172
946
943
1177
1180
1166
1182
1173
1181
1564
952
951
1187
944
1183
931
1565
928
1568
1136
938
935
949
1570
937
1567
1128
1571
1566
1135
1127
939
929
1189
1214
1185
1130
924
911
1134
1142
947
886
1572
934
926
930
942
1124
1156
1215
923
1141
1569
932
1186
933
927
1539
1540
1534
1576
1209
1140
914
940
925
1129
1217
910
1195
1599
1138
1165
1479
1575
1599
1573
1599
908
1133
1210
1126
1204
948
1144
1584
1593
1530
905
1188
1161
1536
896
886
1604
1605
1631
1507
1537
818
1574
922
1582
1008
1194
1583
1528
1446
887
1446
931
1193
1577
1143
544
1420
1221
936
1192
913
877
1207
883
194
1603
194
1602
1579
1602
1529
898
1600
920
890
1632
1216
1601
918
1129
1606
1169
1606
1213
1606
1614
1613
1510
892
886
1197
1208
1466
1607
1601
1621
1616
1608
1616
1423
1572
1563
1215
1508
1215
1139
996
1535
832
912
1160
1509
1620
1509
1219
1127
921
227
1125
1621
1163
863
1543
1610
788
1619
788
1149
776
788
776
1562
1424
1560
1211
1122
1211
1514
1467
804
1481
1618
1559
1201
950
1609
782
423
1615
423
1158
1538
1511
1132
882
906
1168
1468
814
903
814
1465
1190
1465
1507
1431
907
1513
619
1561
875
1611
1282
1611
1282
1611
941
1421
1196
1626
893
1218
660
1131
1557
207
1601
1146
1519
1518
1585
861
1614
1558
922
1525
1604
1412
1604
1206
877
1561
1212
1608
1121
1629
765
855
1629
1525
1629
1525
1001
1006
1582
1525
1578
1525
1630
1626
1419
1423
1419
1010
862
844
1555
844
1555
909
1555
996
1555
1159
891
1599
1556
1601
426
744
1610
431
430
431
1554
1175
431
807
773
807
1612
988
1171
988
1171
1523
1148
762
427
917
550
1599
857
867
1599
1553
761
1553
1526
432
903
810
897
810
562
1633
919
225
809
561
1042
225
561
225
561
225
561
1191
1467
1595
841
1505
977
1275
753
1421
1511
753
741
744
979
1469
1606
1469
1606
1469
548
768
826
888
1469
548
1469
1548
1123
972
1548
990
578
665
1548
578
1548
578
425
578
1211
1147
783
1217
1211
578
783
578
874
1524
777
1524
551
843
1524
807
